%YAML:1.0
---
camera_matrix_left: !!opencv-matrix
   rows: 3
   cols: 3
   dt: d
   data: [ 2.7837566534214108e+02, 0., 3.3144154049250363e+02, 0.,
       2.8244283771889388e+02, 2.4492505315898001e+02, 0., 0., 1. ]
dist_left: !!opencv-matrix
   rows: 1
   cols: 5
   dt: d
   data: [ -6.3313397171907468e-02, -6.1404847030379836e-02,
       -1.1272673980423944e-02, -1.1926698929366066e-02,
       3.3722085552050501e-02 ]
camera_matrix_right: !!opencv-matrix
   rows: 3
   cols: 3
   dt: d
   data: [ 2.9690834556590193e+02, 0., 3.5106212141298460e+02, 0.,
       3.0370882553553190e+02, 2.1337731824367518e+02, 0., 0., 1. ]
dist_right: !!opencv-matrix
   rows: 1
   cols: 5
   dt: d
   data: [ -1.8438073827208794e-02, -2.6052607540970846e-01,
       -2.3914912666238682e-02, 6.0561928399782222e-02,
       1.6539337313492289e-01 ]
R: !!opencv-matrix
   rows: 3
   cols: 3
   dt: d
   data: [ 7.5363101186491943e-01, 3.7023689391354447e-02,
       6.5625417665665953e-01, -9.3982614073716220e-02,
       9.9422340072681259e-01, 5.1837223103506656e-02,
       -6.5054405400966397e-01, -1.0074262191875052e-01,
       7.5275717062118186e-01 ]
T: !!opencv-matrix
   rows: 3
   cols: 1
   dt: d
   data: [ 6.3970575707559192e+01, -7.2996290805207442e+00,
       3.4093289709549506e+00 ]
